0 9407083943.141906738281250
1 9406632506.930807113647461
2 9406151448.393760681152344
3 9343647713.646211624145508
4 9281156280.497465133666992
5 9218682797.973831176757812
6 9156220036.765218734741211
7 9093763027.689895629882812
8 9031312432.080308914184570
9 8968870949.170188903808594
10 8906441227.315715789794922
11 8844021360.991327285766602
12 8781610761.384037017822266
13 8719205100.087844848632812
14 8656809090.753194808959961
15 8594422350.388317108154297
16 8532039588.856975555419922
17 8469659794.405193328857422
18 8407284905.213664054870605
19 8344910686.420507431030273
20 8282541969.231930732727051
21 8220175263.429424285888672
22 8157818447.307126998901367
23 8095462625.647607803344727
24 8033113512.990447998046875
25 7970766454.766243934631348
26 7948545824.497677803039551
27 7886208594.509479522705078
28 7823875724.112366676330566
29 7778644410.839751243591309
30 7717510027.366269111633301
31 7655362764.829962730407715
32 7595063230.520394325256348
33 7574365757.049855232238770
34 7514669092.287031173706055
35 7466162240.716544151306152
36 7403857105.459417343139648
37 7341557881.786657333374023
38 7279264227.166012763977051
39 7216972843.858345985412598
40 7154683188.095221519470215
41 7107936146.493247032165527
42 7087693714.058645248413086
43 7025411263.634894371032715
44 6989962746.633215904235840
45 6950243615.794315338134766
46 6890526366.732754707336426
47 6833483168.965278625488281
48 6792316060.943004608154297
49 6730046986.702722549438477
50 6668116411.296519279479980
51 6626212253.542715072631836
52 6581054758.010187149047852
53 6533286670.671471595764160
54 6492125571.120577812194824