0 9407083943.141906738281250
1 9344477714.535980224609375
2 9281916771.931623458862305
3 9219412273.755353927612305
4 9156919863.077232360839844
5 9094445559.827434539794922
6 9031981540.168720245361328
7 8969525436.361040115356445
8 8907076953.959245681762695
9 8844634499.484409332275391
10 8782204449.313013076782227
11 8719787155.130907058715820
12 8657373642.084148406982422
13 8594967914.741489410400391
14 8532574405.267119407653809
15 8470187138.568246841430664
16 8407803645.877361297607422
17 8345424626.500071525573730
18 8283048234.421064376831055
19 8220675527.828094482421875
20 8158305556.554305076599121
21 8095939372.807332038879395
22 8033582556.530862808227539
23 7971227987.509293556213379
24 7908875462.491834640502930
25 7846530958.536658287048340
26 7814270877.936673164367676
27 7751932960.224786758422852
28 7689600759.040011405944824
29 7666540022.426766395568848
30 7604239325.984715461730957
31 7541931044.410893440246582
32 7479639851.008522033691406
33 7419677711.650685310363770
34 7357393796.779183387756348
35 7324921274.702969551086426
36 7262617329.347357749938965
37 7200320315.332264900207520
38 7138028446.416079521179199
39 7075736549.584880828857422
40 7013447712.153127670288086
41 6957594586.707879066467285
42 6902767846.759018898010254
43 6850256525.338266372680664
44 6787991737.377130508422852
45 6745371176.239343643188477
46 6683106778.248517036437988
47 6640031175.595639228820801
48 6583677028.258495330810547
49 6530679526.332892417907715
50 6468433129.251477241516113
51 6434216579.087088584899902
52 6372307513.942539215087891
53 6340262526.453382492065430
54 6287660091.424746513366699
55 6228319096.510740280151367
56 6166107270.093310356140137
57 6103880832.262538909912109
58 6041636462.577358245849609
59 5988903138.891858100891113
60 5933048994.530675888061523
61 5870845833.461250305175781
62 5808632287.204276084899902
63 5746399718.372340202331543
64 5692630451.118660926818848
65 5661428230.872726440429688
66 5608675052.032841682434082
67 5550125566.301743507385254
68 5487917165.709609985351562
69 5438685396.721198081970215
70 5376508636.398263931274414
71 5315845161.855045318603516
72 5253653526.332028388977051
73 5191451751.114471435546875
74 5138703074.144402503967285
75 5093018653.172636032104492
76 5037572340.031590461730957
77 4986537725.185905456542969
78 4924339089.591083526611328
79 4862164086.632039070129395
80 4799970319.066585540771484
81 4737798075.988119125366211
82 4701075882.502149581909180
83 4638935038.535356521606445
84 4576743058.078701019287109
85 4514573250.431259155273438
86 4461795186.699833869934082
87 4405200899.887037277221680
88 4343038677.493573188781738
89 4280860677.473482131958008
90 4218722541.949950218200684
91 4165825178.837501049041748
92 4103659549.349380016326904
93 4041517111.477404117584229
94 3979391916.275983810424805
95 3917244755.590149879455566
96 3855110076.005423069000244
97 3792997066.175763130187988
98 3738065798.150206565856934
99 3675929247.533753871917725
100 3613809787.352489471435547
101 3551689687.853076934814453
102 3489568171.902848243713379
103 3433919484.013895034790039
104 3371836126.931233882904053
105 3313904359.306959629058838
106 3253644570.838279724121094
107 3191557413.894580841064453
108 3129450839.828514575958252
109 3067331248.699599742889404
110 3005226845.380703926086426
111 2946592413.816105842590332
112 2884494504.379433631896973
113 2825923493.545383930206299
114 2763857796.552231311798096
115 2701759681.799648284912109
116 2648341003.380384922027588
117 2586243675.948277950286865
118 2524163744.874071598052979
119 2462074767.840463161468506
120 2399991996.419738769531250
121 2337940069.396858692169189
122 2275872246.905868053436279
123 2219455690.376834869384766
124 2157386567.090642452239990
125 2095325691.690789461135864
126 2033265014.263374805450439
127 1971221337.941601514816284
128 1909192392.710192441940308
129 1852694165.705673933029175
130 1790657670.906859636306763
131 1728644040.657686471939087
132 1666622212.481480360031128
133 1604603158.900480270385742
134 1542583617.401648044586182
135 1480567359.237097501754761
136 1418578993.771265268325806
137 1356638727.893722057342529
138 1294665289.121262311935425
139 1232692582.133198022842407
140 1170718636.762624979019165
141 1108790987.271478891372681
142 1046906123.802194595336914
143 984962239.456240653991699
144 923036645.734304428100586
145 861147895.676671504974365
146 799260018.124510169029236
147 737386574.765777230262756
148 675529849.425887823104858
149 613682157.643080830574036
150 551886177.250418305397034
151 503538168.878210246562958
152 459931496.241521835327148
153 422157856.841159224510193
154 389388250.418042600154877
155 360564607.753438591957092
156 335354332.017778277397156
157 315786248.390084505081177
158 296863175.605783820152283
159 279152627.911514103412628
160 262651671.322147637605667
161 247296920.981357365846634
162 232491315.073281258344650
163 218376880.139090538024902
164 205202903.898812770843506
165 192714034.954121738672256
166 180950247.579715281724930
167 169917669.076878637075424
168 159264731.700802743434906
169 148899486.834675818681717
170 139184381.000212669372559
171 130674072.474741339683533
172 122369558.219716593623161
173 114714917.041234463453293
174 107785141.240713939070702
175 101890353.193296909332275
176 96608017.510775640606880
177 91644479.875188052654266
178 87265934.183520019054413
179 83453201.652205705642700
180 80876786.618332713842392
181 79249046.596599996089935
182 78853415.620956376194954
183 78733260.187085121870041