1 666405.945099192205817
2 652431.820066450512968
3 626398.199348654947244
4 600411.657433657092042
5 574504.618188115418889
6 548626.438934255158529
7 522803.981892445823178
8 500736.298791562614497
9 475011.522553766320925
10 456808.889683834451716
11 436557.163552099606022
12 411738.395033527747728
13 386168.653263975284062
14 366980.612111394642852
15 341654.511184014903847
16 319291.807283579953946
17 295443.109207936620805
18 273298.651372320309747
19 247944.011623521306319
20 222654.247629046963993
21 197667.079258333134931
22 172980.090216565906303
23 148016.385200355580309
24 123105.896270975863445
25 99887.953486312253517
26 76352.264436994402786
27 62582.794746105653758
28 53568.111728979965847
29 48946.474762731340888
30 45726.916735165606951
31 43960.194692842298537
32 42788.224844332173234
33 42154.450284464626748
34 41758.437483154339134
35 41484.331782073393697
36 41375.171125873748679
37 41326.416480988962576
38 41255.451951497343543
39 41222.898819850917789
40 41203.641279896539345
41 41171.223568149485800
42 41137.349969401751878
43 41118.095874764367181
44 41083.031159431484411
45 41051.643763417851005
46 41011.939719095382316
47 40991.332245651959965
48 40991.332245651959965
49 40965.147522826351633
50 40936.898010800556222
51 40917.037355452048359
52 40877.071240243625653
53 40845.130080646595161
54 40815.910094670776743
55 40815.910094670776743
56 40796.135771935507364
57 40760.210170021942758
58 40752.350392690001172
59 40730.814705458637036
60 40707.076216526838834
61 40707.076216526838834
62 40708.954676491368446
63 40697.282386936160037
64 40686.144732089924219
65 40686.144732089924219
66 40684.030836857193208
67 40645.674299836900900
68 40645.674299836900900
69 40620.750629451780696
70 40618.968277010833845
71 40606.160079872061033
72 40604.272781724466768
73 40593.716010840311355
74 40577.452148773445515
75 40577.452148773445515
76 40579.013833885801432
77 40572.740736155705235
78 40559.663479722432385
79 40563.601755889270862
80 40549.904546282617957
81 40549.904546282617957
82 40528.932734822010389
83 40528.932734822010389
84 40528.932734822010389
85 40528.932734822010389
86 40514.705488975698245
87 40492.098611179666477
88 40501.553890470320766
89 40490.231827990297461
90 40469.375135984344524
91 40450.427625499578426
92 40450.427625499578426
93 40448.971187435068714
94 40436.076193665190658
95 40433.569769235218700
96 40412.001457647646021
97 40399.633106110923109
98 40380.551150629558833
99 40358.070042339088104
100 40356.614442252626759
101 40353.781980894033040
102 40353.781980894033040
103 40356.251416864164639
104 40330.088414622863638
105 40327.185539539692400
106 40308.557052546551859
107 40308.557052546551859
108 40314.032764061637863
109 40299.836818240823050
110 40293.806550271045126
111 40273.373330425849417
112 40261.617921386423404
113 40253.169965985907766
114 40249.739960140723269
115 40249.739960140723269
116 40249.739960140723269
117 40247.703454228474584
118 40247.703454228474584
119 40247.703454228474584
120 40247.703454228474584
121 40255.341784044692758
122 40236.261653444322292
123 40224.083717571949819
124 40216.376356046028377
125 40210.500185855446034
126 40204.162513824958296
127 40204.162513824958296
128 40192.638930152963439
129 40206.675453778778319
130 40194.205330478936958
131 40187.657955622082227
132 40168.498832464363659
133 40157.698142904861015
134 40157.698142904861015
135 40157.698142904861015
136 40141.028522518943646
137 40123.442622221504280
138 40123.442622221504280
139 40123.442622221504280
140 40113.024605737875390
141 40113.024605737875390
142 40102.143002899691055
143 40102.143002899691055
144 40102.143002899691055
145 40102.143002899691055
146 40102.143002899691055
147 40102.143002899691055
148 40102.080172169546131
149 40107.361848922912031
150 40095.045856246208132
151 40088.046846624201862
152 40088.046846624201862
153 40088.046846624201862
154 40088.046846624201862
155 40088.046846624201862
156 40088.046846624201862
157 40088.046846624201862
158 40081.175054176535923
159 40081.175054176535923
160 40076.364885682727618
161 40072.478119784260343
162 40069.133773839028436
163 40069.133773839028436
164 40069.133773839028436
165 40069.133773839028436
166 40069.133773839028436
167 40069.133773839028436
168 40069.133773839028436
169 40069.133773839028436
170 40068.144426083767030
171 40066.377046787107247