1 653674.567138520651497
2 627306.388243829482235
3 615421.213995826663449
4 589448.559188359882683
5 563505.852792629273608
6 551932.742300743469968
7 526122.834693534532562
8 512404.551516474864911
9 490382.668134950625245
10 469639.251052501203958
11 444729.672881355974823
12 420007.250482080155052
13 394455.063984736625571
14 371678.493415052827913
15 357904.315537252230570
16 333190.078459743177518
17 311051.576161818928085
18 285726.109204193286132
19 260435.427410827047424
20 237259.411024865432410
21 213557.530035101255635
22 188722.373549880576320
23 163796.136740312766051
24 139048.741303127899300
25 116167.660189698668546
26 98383.448912450490752
27 85909.391488200722961
28 74874.901384562981548
29 64928.307213101179514
30 56855.301669333974132
31 51063.817738044082944
32 47695.856191101491277
33 45451.493802866527403
34 44127.010017510969192
35 43066.518127604751498
36 42607.941885741165606
37 42248.230105376365827
38 41988.357143501329119
39 41782.966496247165196
40 41613.807550833400455
41 41460.815686473935784
42 41363.856310260060127
43 41320.294670537092315
44 41271.260349681921070
45 41270.097342432120058
46 41252.473995220039797
47 41218.852133171028981
48 41188.680240038833290
49 41139.984431869343098
50 41139.984431869343098
51 41111.477218401603750
52 41054.678607318637660
53 41044.482719157851534
54 41005.273255341373442
55 40985.503647844743682
56 40969.137670820324274
57 40943.891171376402781
58 40904.520616346824681
59 40894.806836676711100
60 40894.806836676711100
61 40894.806836676711100
62 40893.194894473708700
63 40871.077140274603153
64 40842.741634214922669
65 40828.120375272512319
66 40782.979219517415913
67 40765.285660091001773
68 40754.412344325421145
69 40754.412344325421145
70 40746.672363989593578
71 40726.844672033992538
72 40697.737453021756664
73 40671.310557117983990
74 40651.774958623696875
75 40644.215628377191024
76 40619.512559148643049
77 40599.882394329455565
78 40586.126431889999367
79 40554.558025613652717
80 40538.271348413334636
81 40538.271348413334636
82 40498.308432193531189
83 40476.314022056823887
84 40454.482280485623050
85 40454.482280485623050
86 40436.127380357844231
87 40420.285385523427976
88 40401.392269496202061
89 40400.891369716169720
90 40372.926274622819619
91 40352.524265398460557
92 40352.524265398460557
93 40330.852323654777138
94 40311.800214351998875
95 40311.800214351998875
96 40305.989130824935273
97 40305.989130824935273
98 40308.744581849918177
99 40305.894864078058163
100 40287.193108502491668
101 40281.736915568704717
102 40274.240802818407246
103 40257.971579334902344
104 40224.822717753777397
105 40204.174770876408729
106 40195.264458937293966
107 40169.907733613697928
108 40169.907733613697928
109 40169.907733613697928
110 40152.075736785234767
111 40139.799608009663643
112 40112.176667990039277
113 40098.857121104250837
114 40098.857121104250837
115 40098.857121104250837
116 40086.899724058013817
117 40070.198125809001795
118 40070.198125809001795
119 40070.198125809001795
120 40060.454344153476995
121 40055.506858861794171
122 40056.809114689720445
123 40054.312469340191456
124 40057.520720724896819
125 40051.359691991259751
126 40027.987906159025442
127 40027.987906159025442
128 40021.121773177714203
129 40023.983800275273097
130 40013.310468414521893
131 40013.310468414521893
132 40013.310468414521893
133 40011.098216388738365
134 40003.733072641203762
135 40003.733072641203762
136 40003.733072641203762
137 40003.733072641203762
138 40003.733072641203762
139 40003.733072641203762
140 40003.733072641203762
141 40005.518093534890795